image_width: 640
image_height: 480
camera_name: narrow_stereo/left
camera_matrix:
  rows: 3
  cols: 3
  data: [497.291838, 0.000000, 310.209562, 0.000000, 497.275309, 254.777160, 0.000000, 0.000000, 1.000000]
distortion_model: plumb_bob
distortion_coefficients:
  rows: 1
  cols: 5
  data: [0.126484, -0.199816, 0.006958, -0.001783, 0.000000]
rectification_matrix:
  rows: 3
  cols: 3
  data: [0.999600, -0.024150, -0.014710, 0.024316, 0.999642, 0.011201, 0.014434, -0.011554, 0.999829]
projection_matrix:
  rows: 3
  cols: 4
  data: [537.050729, 0.000000, 301.996452, 0.000000, 0.000000, 537.050729, 254.997971, 0.000000, 0.000000, 0.000000, 1.000000, 0.000000]
