image_width: 640
image_height: 480
camera_name: narrow_stereo/left
camera_matrix:
  rows: 3
  cols: 3
  data: [491.792146, 0.000000, 312.783327, 0.000000, 491.540864, 255.192636, 0.000000, 0.000000, 1.000000]
distortion_model: plumb_bob
distortion_coefficients:
  rows: 1
  cols: 5
  data: [0.154531, -0.282913, 0.004721, 0.003126, 0.000000]
rectification_matrix:
  rows: 3
  cols: 3
  data: [0.878266, -0.197289, 0.435575, 0.209615, 0.977577, 0.020129, -0.429779, 0.073624, 0.899927]
projection_matrix:
  rows: 3
  cols: 4
  data: [2267.022780, 0.000000, -261.408418, 0.000000, 0.000000, 2267.022780, 206.818155, 0.000000, 0.000000, 0.000000, 1.000000, 0.000000]
