# oST version 5.0 parameters


[image]

width
640

height
480

[narrow_stereo/left]

camera matrix
491.792146 0.000000 312.783327
0.000000 491.540864 255.192636
0.000000 0.000000 1.000000

distortion
0.154531 -0.282913 0.004721 0.003126 0.000000

rectification
0.878266 -0.197289 0.435575
0.209615 0.977577 0.020129
-0.429779 0.073624 0.899927

projection
2267.022780 0.000000 -261.408418 0.000000
0.000000 2267.022780 206.818155 0.000000
0.000000 0.000000 1.000000 0.000000

# oST version 5.0 parameters


[image]

width
640

height
480

[narrow_stereo/right]

camera matrix
482.081366 0.000000 298.078402
0.000000 483.016317 245.631265
0.000000 0.000000 1.000000

distortion
0.071503 -0.157831 0.004068 0.002122 0.000000

rectification
0.804480 -0.140172 0.577204
0.123340 0.989997 0.068511
-0.581033 0.016077 0.813721

projection
2267.022780 0.000000 -261.408418 630.610071
0.000000 2267.022780 206.818155 0.000000
0.000000 0.000000 1.000000 0.000000

