# oST version 5.0 parameters


[image]

width
640

height
480

[narrow_stereo/left]

camera matrix
497.291838 0.000000 310.209562
0.000000 497.275309 254.777160
0.000000 0.000000 1.000000

distortion
0.126484 -0.199816 0.006958 -0.001783 0.000000

rectification
0.999600 -0.024150 -0.014710
0.024316 0.999642 0.011201
0.014434 -0.011554 0.999829

projection
537.050729 0.000000 301.996452 0.000000
0.000000 537.050729 254.997971 0.000000
0.000000 0.000000 1.000000 0.000000

# oST version 5.0 parameters


[image]

width
640

height
480

[narrow_stereo/right]

camera matrix
493.202830 0.000000 314.228079
0.000000 493.320355 242.674364
0.000000 0.000000 1.000000

distortion
0.147239 -0.274312 0.007788 0.003329 0.000000

rectification
0.999165 -0.004654 0.040582
0.005116 0.999923 -0.011277
-0.040526 0.011476 0.999113

projection
537.050729 0.000000 301.996452 94.196339
0.000000 537.050729 254.997971 0.000000
0.000000 0.000000 1.000000 0.000000

