image_width: 640
image_height: 480
camera_name: narrow_stereo/right
camera_matrix:
  rows: 3
  cols: 3
  data: [482.081366, 0.000000, 298.078402, 0.000000, 483.016317, 245.631265, 0.000000, 0.000000, 1.000000]
distortion_model: plumb_bob
distortion_coefficients:
  rows: 1
  cols: 5
  data: [0.071503, -0.157831, 0.004068, 0.002122, 0.000000]
rectification_matrix:
  rows: 3
  cols: 3
  data: [0.804480, -0.140172, 0.577204, 0.123340, 0.989997, 0.068511, -0.581033, 0.016077, 0.813721]
projection_matrix:
  rows: 3
  cols: 4
  data: [2267.022780, 0.000000, -261.408418, 630.610071, 0.000000, 2267.022780, 206.818155, 0.000000, 0.000000, 0.000000, 1.000000, 0.000000]
